1 0
1 0
1 0
1 0
1 0
1 0
1 0
1 0
1.020001 0
1.020001 0
1.020001 0
1.120033 50.0038
1.220108 50.1294
1.320183 50.1387
1.420258 50.2055
1.520333 50.3385
1.620408 50.279
1.720483 50.0721
1.820557 50.0721
1.920632 50.0721
2.020707 50.0721
2.120782 50.0721
2.220857 50.0721
2.320932 50.0721
2.421007 50.0721
2.521082 50.0721
2.621156 50.0721
2.721231 50.0721
2.821306 50.0721
2.921381 50.0721
3.021456 50.0721
3.121531 50.0721
3.221606 50.0721
3.321681 50.0721
3.421756 50.0721
3.52183 50.0721
3.621905 50.0721
3.72198 50.0721
3.822055 50.0721
3.92213 50.0721
4.022205 50.0721
4.12228 50.0721
4.222355 50.0721
4.322429 50.0721
4.422504 50.0721
4.522579 50.0721
4.622654 50.0721
4.722729 50.0721
4.822804 50.0721
4.922879 50.0721
5.022954 50.0721
5.123028 50.0721
5.223103 50.0721
5.323178 50.0721
5.423253 50.0721
5.523328 50.0721
5.623403 50.0721
5.723478 50.0721
5.823553 50.0721
5.923628 50.0721
6.023702 50.0721
6.123777 50.0721
6.223852 50.0721
6.323927 50.0721
6.424002 50.0721
6.524077 50.0721
6.624152 50.0721
6.724227 50.0721
6.824301 50.0721
6.924376 50.0721
7.024451 50.0721
7.124526 50.0721
7.224601 50.0721
7.324676 50.0721
7.424751 50.0721
7.524826 50.0721
7.6249 50.0721
7.724975 50.0721
7.82505 50.0721
7.925125 50.0721
8.0252 50.0721
8.125275 50.0721
8.22535 50.0721
8.325425 50.0721
8.4255 50.0721
8.525574 50.0721
8.625649 50.0721
8.725724 50.0721
8.825799 50.0721
8.925874 50.0721
9.025949 50.0721
9.126024 50.0721
9.226099 50.0721
9.326173 50.0721
9.426248 50.0721
9.526323 50.0721
9.626398 50.0721
9.726473 50.0721
9.826548 50.0721
9.926623 50.0721
10.026698 50.0721
10.126772 50.0721
10.226847 50.0721
10.326922 50.0721
10.426997 50.0721
10.527072 50.0721
10.627147 50.0721
10.727222 50.0721
10.827297 50.0721
10.927372 50.0721
11.027446 50.0721
11.127521 50.0721
11.227596 50.0721
11.327671 50.0721
11.427746 50.0721
11.527821 50.0721
11.627896 50.0721
11.727971 50.0721
11.828045 50.0721
11.92812 50.0721
12.028195 50.0721
12.12827 50.0721
12.228345 50.0721
12.32842 50.0721
12.428495 50.0721
12.52857 50.0721
12.628644 50.0721
12.710001 50.0721
12.810015 50.0721
12.910006 50.0721
13.010015 50.0721
13.110006 50.0721
13.210015 50.0721
13.310006 50.0721
13.410015 50.0721
13.510006 50.0721
13.610015 50.0721
13.710006 50.0721
13.810015 50.0721
13.910006 50.0721
14.010015 50.0721
14.110006 50.0721
14.210015 50.0721
14.310006 50.0721
14.410015 50.0721
14.510039 50.0721
14.610114 50.0721
14.710189 50.0721
14.810264 50.0721
14.910339 50.0721
15.010414 50.0721
15.110006 50.0581
15.21 50.0497
15.310639 50.0497
15.410006 50.051
15.51 50.0497
15.610863 50.0497
15.710006 50.0509
15.81 50.0497
15.911088 50.0497
16.010006 50.051
16.11 50.0498
16.21125 50.0497
16.310006 50.0502
16.41 50.0505
16.51125 50.0497
16.610006 50.0502
16.71 50.0505
16.81125 50.0497
16.910006 50.0502
17.01 50.0505
17.11125 50.0497
17.210006 50.0502
17.31 50.0505
17.41125 50.0497
17.510006 50.0502
17.61 50.0505
17.71125 50.0497
17.810006 50.0502
17.91 50.0497
18.01125 50.0503
18.110006 50.0502
18.21 50.0497
18.31125 50.0505
18.410006 50.0502
18.51 50.0497
18.61125 50.0504
18.710006 50.0502
18.810009 50.0497
18.91125 50.0505
19.010006 50.0502
19.110009 50.0497
19.21125 50.0504
19.310006 50.0502
19.410009 50.0497
19.51125 50.0502
19.610006 50.0508
19.710009 50.0497
19.81125 50.0497
19.910006 50.0511
20.010009 50.0497
20.11125 50.0497
20.210006 50.051
20.310009 50.0497
20.41125 50.0497
20.510006 50.0511
20.610009 50.0497
20.71125 50.0497
20.810006 50.051
20.910009 50.0497
21.01125 50.0497
21.110006 50.0506
21.210009 50.0502
21.31125 50.0497
21.410006 50.0502
21.510009 50.0504
21.61125 50.0497
21.710006 50.0502
21.810009 50.0505
21.91125 50.0497
22.010006 50.0502
22.110009 50.0504
22.21125 50.0497
22.310006 50.0502
22.410009 50.0505
22.51125 50.0497
22.610006 50.0502
22.710009 50.0501
22.81125 50.0501
22.910006 50.0502
23.010009 50.0497
23.11125 50.0505
23.210006 50.0502
23.310009 50.0497
23.41125 50.0506
23.510006 50.0502
23.610009 50.0497
23.71125 50.0505
23.810006 50.0502
23.910009 50.0497
24.01125 50.0506
24.110006 50.0502
24.210009 50.0497
24.31125 50.0502
24.410006 50.0504
24.510009 50.0497
24.61125 50.0497
24.710006 50.0511
24.810009 50.0497
24.91125 50.0497
25.010006 50.051
25.110009 50.0497
25.21125 50.0497
25.310006 50.051
25.410009 50.0497
25.51125 50.0497
25.610006 50.051
25.710009 50.0497
25.81125 50.0497
25.910006 50.0508
26.010009 50.0497
26.11125 50.0497
26.210006 50.0505
26.310009 50.0503
26.41125 50.0497
26.510006 50.0502
26.610009 50.0505
26.71125 50.0497
26.810006 50.0502
26.910009 50.0504
27.01125 50.0497
27.110006 50.0502
27.210009 50.0505
27.31125 50.0497
27.410006 50.0502
27.510009 50.0501
27.61125 50.0497
27.710006 50.0502
27.810009 50.0498
27.91125 50.0502
28.010006 50.0502
28.110009 50.0497
28.21125 50.0506
28.310006 50.0502
28.410009 50.0497
28.51125 50.0505
28.610006 50.0502
28.710009 50.0497
28.81125 50.0506
28.910006 50.0502
29.010009 50.0497
29.11125 50.0502
29.210006 50.0502
29.310009 50.0497
29.41125 50.0498
29.510006 50.0506
29.610009 50.0497
29.71125 50.0497
29.810006 50.0509
29.910009 50.0497
30.01125 50.0497
30.110006 50.051
30.210009 50.0497
30.31125 50.0497
30.410006 50.051
30.510009 50.0497
30.61125 50.0497
30.710006 50.0508
30.810009 50.0497
30.91125 50.0497
31.010006 50.0504
31.110009 50.05
31.21125 50.0497
31.310006 50.0502
31.410009 50.0505
31.51125 50.0497
31.610006 50.0502
31.710009 50.0505
31.81125 50.0497
31.910006 50.0502
32.010009 50.0505
32.11125 50.0497
32.210006 50.0502
32.310009 50.0501
32.41125 50.0497
32.510006 50.0502
32.610009 50.05
32.71125 50.0499
32.810006 50.0502
32.910009 50.0497
33.01125 50.0505
33.110006 50.0502
33.210009 50.0497
33.31125 50.0504
33.410006 50.0502
33.510009 50.0497
33.61125 50.0505
33.710006 50.0502
33.810009 50.0497
33.91125 50.0501
34.010006 50.0502
34.110009 50.0497
34.21125 50.0498
34.310006 50.0502
34.410009 50.0497
34.51125 50.0498
34.610006 50.051
34.710009 50.0497
34.81125 50.0497
34.910006 50.051
35.010009 50.0497
35.11125 50.0497
35.210006 50.0511
35.310009 50.0497
35.41125 50.0497
35.510006 50.0507
35.610009 50.0497
35.71125 50.0497
35.810006 50.0504
35.910009 50.0497
36.01125 50.0497
36.110006 50.0503
36.210009 50.0502
36.31125 50.0497
36.410006 50.0502
36.510009 50.0505
36.61125 50.0497
36.710006 50.0502
36.810009 50.0504
36.91125 50.0497
37.010006 50.0502
37.110009 50.0503
37.21125 50.0497
37.310006 50.0502
37.410009 50.0499
37.51125 50.0497
37.610006 50.0502
37.710009 50.0499
37.81125 50.0501
37.910006 50.0502
38.010009 50.0497
38.11125 50.0504
38.210006 50.0502
38.310009 50.0497
38.41125 50.0505
38.510006 50.0502
38.610009 50.0497
38.71125 50.0502
38.810006 50.0502
38.910009 50.0497
39.01125 50.0498
39.110006 50.0502
39.210009 50.0497
39.310018 50.0498
39.410006 50.0505
39.510007 50.0497
39.610016 50.0497
39.710006 50.051
39.810009 50.0497
39.910007 50.0497
40.010006 50.051
40.110009 50.0497
40.210002 50.0497
40.310006 50.0507
40.410005 50.0497
40.510007 50.0497
40.610006 50.0503
40.710004 50.0497
40.810005 50.0497
40.910006 50.0503
41.010002 50.0499
41.110003 50.0497
41.210006 50.0502
41.310009 50.0506
41.410181 50.0497
41.510006 50.0502
41.610009 50.0504
41.710406 50.0497
41.810006 50.0502
41.910009 50.0502
42.01063 50.0497
42.110006 50.0502
42.210009 50.0499
42.310855 50.0497
42.410006 50.0502
42.510009 50.0499
42.61108 50.0497
42.710006 50.0502
42.810009 50.0498
42.91125 50.0505
43.010006 50.0502
43.110009 50.0497
43.21125 50.0505
43.310006 50.0502
43.410009 50.0497
43.51125 50.0501
43.610006 50.0502
43.710009 50.0497
43.81125 50.05
43.910006 50.0502
44.010009 50.0497
44.11125 50.05
44.210006 50.0502
44.310009 50.0497
44.41125 50.0499
44.510006 50.0507
44.610009 50.0497
44.71125 50.0497
44.810006 50.051
44.910009 50.0497
45.01125 50.0497
45.110006 50.0506
45.210009 50.0497
45.31125 50.0497
45.410006 50.0503
45.510009 50.0497
45.61125 50.0497
45.710006 50.0503
45.810009 50.0497
45.91125 50.0497
46.010006 50.0502
46.110009 50.0501
46.21125 50.0497
46.310006 50.0502
46.410009 50.0506
46.51125 50.0497
46.610006 50.0502
46.710009 50.0502
46.81125 50.0497
46.910006 50.0502
47.010009 50.0499
47.11125 50.0497
47.210006 50.0502
47.310009 50.0498
47.41125 50.0497
47.510006 50.0502
47.610009 50.0498
47.71125 50.05
47.810006 50.0502
47.910009 50.0499
48.01125 50.0505
48.110006 50.0502
48.210009 50.0497
48.31125 50.0503
48.410006 50.0502
48.510009 50.0497
48.61125 50.0499
48.710006 50.0502
48.810009 50.0497
48.91125 50.0499
49.010006 50.0502
49.110009 50.0497
49.21125 50.0499
49.310006 50.0503
49.410009 50.0497
49.51125 50.0498
49.610006 50.051
49.710009 50.0497
49.81125 50.0497
49.910006 50.0507
50.010009 50.0497
50.11125 50.0497
50.210006 50.0503
50.310009 50.0497
50.41125 50.0497
50.510006 50.0503
50.610009 50.0497
50.71125 50.0497
50.810006 50.0504
50.910009 50.0497
51.01125 50.0497
51.110006 50.0504
51.210009 50.0504
51.31125 50.0497
51.410006 50.0502
51.510009 50.0501
51.61125 50.0497
51.710006 50.0502
51.810009 50.0498
51.91125 50.0497
52.010006 50.0502
52.110009 50.0498
52.21125 50.0497
52.310006 50.0502
52.410009 50.0498
52.51125 50.0497
52.610003 50.0502
52.710009 50.0498
52.81002 50.0501
52.910006 50.0502
53.010006 50.0497
53.110014 50.0502
53.210006 50.0502
53.310009 50.0497
53.410012 50.0499
53.510006 50.0502
53.610009 50.0497
53.710011 50.0499
53.810005 50.0502
53.910007 50.0497
54.010009 50.0499
54.110004 50.0502
54.210005 50.0497
54.310007 50.0498
54.410002 50.0506
54.510009 50.0497
54.610065 50.0497
54.710006 50.0506
54.810009 50.0497
54.910289 50.0497
55.010006 50.0505
55.110009 50.0497
55.210514 50.0497
55.310006 50.0504
55.410009 50.0497
55.510739 50.0497
55.610006 50.0504
55.710009 50.0497
55.810963 50.0497
55.910006 50.0504
56.010009 50.05
56.111188 50.0497
56.210006 50.0503
56.310009 50.0502
56.41125 50.0497
56.510006 50.0502
56.610009 50.0498
56.71125 50.0497
56.810006 50.0502
56.910009 50.0498
57.01125 50.0497
57.110006 50.0502
57.210009 50.0497
57.31125 50.0497
57.410006 50.0502
57.510009 50.0499
57.61125 50.0498
57.710006 50.0502
57.810009 50.0499
57.91125 50.0502
58.010006 50.0502
58.110009 50.0497
58.21125 50.0499
58.310006 50.0502
58.410009 50.0497
58.51125 50.0499
58.610006 50.0502
58.710009 50.0497
58.81125 50.0498
58.910006 50.0502
59.010009 50.0497
59.11125 50.0498
59.210006 50.0502
59.310009 50.0497
59.41125 50.0498
59.510006 50.0508
59.610009 50.0497
59.71125 50.0497
59.810006 50.0504
59.910009 50.0497
60.01125 50.0497
60.110006 50.0504
60.210009 50.0497
60.31125 50.0497
60.410006 50.0504
60.510009 50.0497
60.61125 50.0497
60.710006 50.0504
60.810009 50.0497
60.91125 50.0497
61.010006 50.0503
61.110009 50.0501
61.21125 50.0497
61.310006 50.0502
61.410009 50.0498
61.51125 50.0497
61.610006 50.0502
61.710009 50.05
61.81125 50.0497
61.910006 50.0502
62.010009 50.0499
62.11125 50.0497
62.210006 50.0502
62.310009 50.0499
62.41125 50.0497
62.510006 50.0502
62.610009 50.0499
62.71125 50.0501
62.810006 50.0502
62.910009 50.0497
63.01125 50.0498
63.110006 50.0502
63.210009 50.0497
63.31125 50.0498
63.410006 50.0502
63.510009 50.0497
63.61125 50.0497
63.710006 50.0502
63.810009 50.0497
63.91125 50.0497
64.010006 50.0502
64.110009 50.0497
64.21125 50.05
64.310006 50.0504
64.410009 50.0497
64.51125 50.0499
64.610006 50.0504
64.710009 50.0497
64.81125 50.0497
64.910006 50.0504
65.010009 50.0497
65.11125 50.0497
65.210006 50.0503
65.310009 50.0497
65.41125 50.0497
65.510006 50.0503
65.610009 50.0497
65.71125 50.0497
65.810006 50.0503
65.910009 50.0499
66.01125 50.0497
66.110006 50.0502
66.210009 50.05
66.31125 50.0497
66.410006 50.0502
66.510009 50.0499
66.61125 50.0497
66.710006 50.0502
66.810009 50.0499
66.91125 50.0497
67.010006 50.0502
67.110009 50.0499
67.21125 50.0497
67.310006 50.0502
67.410009 50.0499
67.51125 50.0497
67.610006 50.0502
67.710009 50.0498
67.81125 50.0498
67.910006 50.0502
68.010009 50.0497
68.11125 50.0498
68.210006 50.0502
68.310009 50.0497
68.41125 50.0498
68.510006 50.0502
68.610009 50.0497
68.71125 50.05
68.810006 50.0502
68.910009 50.0497
69.01125 50.0499
69.110006 50.0502
69.210009 50.0497
69.31125 50.0499
69.410006 50.0504
69.510009 50.0497
69.61125 50.0499
69.710006 50.0503
69.810009 50.0497
69.91125 50.0497
70.010006 50.0503
70.110009 50.0497
70.21125 50.0497
70.310006 50.0503
70.410009 50.0497
70.51125 50.0497
70.610006 50.0502
70.710009 50.0497
70.81125 50.0497
70.910006 50.0505
71.010009 50.05
71.11125 50.0497
71.210006 50.0504
71.310009 50.0499
71.41125 50.0497
71.510006 50.0502
71.610009 50.0499
71.71125 50.0497
71.810006 50.0502
71.910009 50.0499
72.01125 50.0497
72.110006 50.0502
72.210009 50.0498
72.31125 50.0497
72.410006 50.0502
72.510009 50.0498
72.61125 50.0499
72.710006 50.0502
72.810009 50.0497
72.91125 50.05
73.010006 50.0502
73.110009 50.0497
73.21125 50.0499
73.310006 50.0502
73.410009 50.0497
73.51125 50.0499
73.610006 50.0502
73.710009 50.0497
73.81125 50.0499
73.910006 50.0502
74.010009 50.0497
74.11125 50.0499
74.210006 50.0502
74.310009 50.0497
74.41125 50.0498
74.510006 50.0503
74.610009 50.0497
74.71125 50.0497
74.810006 50.0503
74.910009 50.0497
75.01125 50.0497
75.110006 50.0502
75.210009 50.0497
75.31125 50.0497
75.410006 50.0505
75.51 50.0497
75.61125 50.0497
75.710006 50.0504
75.81 50.0497
75.91125 50.0497
76.010006 50.0504
76.11 50.0499
76.21125 50.0497
76.310006 50.0502
76.41 50.0498
76.51125 50.0497
76.610006 50.0502
76.71 50.0498
76.81125 50.0497
76.910006 50.0502
77.01 50.0498
77.11125 50.0497
77.210006 50.0502
77.31 50.0498
77.41125 50.0497
77.510006 50.0502
77.61 50.05
77.71125 50.0499
77.810006 50.0502
77.91 50.0498
78.01125 50.0499
78.110006 50.0502
78.21 50.0497
78.31125 50.0499
78.410006 50.0502
78.51 50.0497
78.61125 50.0498
78.710006 50.0502
78.81 50.0497
78.91125 50.0498
79.010006 50.0502
79.11 50.0497
79.210016 50.0498
79.310006 50.0495
79.41 50.049
79.510015 50.0492
79.610006 50.0494
79.71 50.0493
79.810013 50.0492
79.910006 50.0493
80.01 50.0493
80.110011 50.0491
80.210006 50.0493
80.31 50.0492
80.410009 50.0492
80.510006 50.0493
80.61 50.0492
80.710007 50.0492
80.810006 50.0494
80.91 50.0491
81.010005 50.0492
81.110005 50.0495
81.21 50.0491
81.310057 50.0498
81.410006 50.05
81.51 50.0497
81.610281 50.0499
81.710006 50.05
81.81 50.0497
81.910506 50.0499
82.010006 50.05
82.11 50.0497
82.21073 50.0501
82.310006 50.05
82.41 50.0497
82.510955 50.0501
82.610006 50.05
82.71 50.0497
82.81118 50.0501
82.910006 50.0502
83.01 50.0497
83.11125 50.0497
83.210006 50.0503
83.31 50.0497
83.41125 50.0497
83.510006 50.0503
83.61 50.0497
83.71125 50.0497
83.810006 50.0503
83.91 50.0497
84.01125 50.0497
84.110006 50.0503
84.21 50.0497
84.31125 50.0497
84.410006 50.0505
84.51 50.0499
84.61125 50.0497
84.710006 50.0502
84.81 50.0499
84.91125 50.0497
85.010006 50.0502
85.11 50.0499
85.21125 50.0497
85.310006 50.0502
85.41 50.0498
85.51125 50.0497
85.610006 50.0502
85.71 50.0498
85.81125 50.0497
85.910006 50.0502
86.01 50.0498
86.11125 50.0499
86.210006 50.0502
86.31 50.0499
86.41125 50.0498
86.510006 50.0502
86.61 50.0497
86.71125 50.0499
86.810006 50.0502
86.91 50.0497
87.01125 50.0499
87.110006 50.0502
87.21 50.0497
87.31125 50.0499
87.410006 50.0502
87.51 50.0497
87.61125 50.0499
87.710006 50.0502
87.81 50.0497
87.91125 50.0498
88.010006 50.0503
88.11 50.0497
88.21125 50.0497
88.310006 50.0503
88.41 50.0497
88.51125 50.0497
88.610006 50.0503
88.71 50.0497
88.81125 50.0497
88.910006 50.0505
89.01 50.0497
89.11125 50.0497
89.210006 50.0504
89.31 50.0497
89.41125 50.0497
89.510006 50.0504
89.61 50.0499
89.71125 50.0497
89.810006 50.0502
89.91 50.0498
90.01125 50.0497
90.110006 50.0502
90.21 50.0498
90.31125 50.0497
90.410006 50.0502
90.51 50.0498
90.61125 50.0497
90.710006 50.0502
90.81 50.0498
90.91125 50.0497
91.010006 50.0502
91.11 50.0498
91.21125 50.0499
91.310006 50.0502
91.41 50.0499
91.51125 50.0499
91.610006 50.0502
91.71 50.0497
91.81125 50.0499
91.910006 50.0502
92.01 50.0497
92.11125 50.0499
92.210006 50.0502
92.31 50.0497
92.41125 50.0498
92.510006 50.0502
92.61 50.0497
92.71125 50.0498
92.810006 50.0503
92.91 50.0497
93.01125 50.0499
93.110006 50.0502
93.21 50.0497
93.31125 50.0497
93.410006 50.0505
93.51 50.0497
93.61125 50.0497
93.710006 50.0504
93.81 50.0497
93.91125 50.0497
94.010006 50.0504
94.11 50.0497
94.21125 50.0497
94.310006 50.0503
94.41 50.0498
94.51125 50.0497
94.610006 50.0503
94.71 50.0498
94.81125 50.0497
94.910006 50.0502
95.01 50.0498
95.11125 50.0497
95.210006 50.0502
95.31 50.0497
95.41125 50.0497
95.510006 50.0502
95.61 50.05
95.71125 50.0497
95.810006 50.0502
95.91 50.05
96.01125 50.0497
96.110006 50.0502
96.21 50.0499
96.31125 50.0499
96.410006 50.0502
96.51 50.0497
96.61125 50.0499
96.710006 50.0502
96.81 50.0497
96.91125 50.0498
97.010006 50.0502
97.11 50.0497
97.21125 50.0498
97.310006 50.0502
97.41 50.0497
97.51125 50.0498
97.610006 50.0502
97.71 50.0497
97.81125 50.0497
97.910006 50.0505
98.01 50.0497
98.11125 50.0497
98.210006 50.0504
98.31 50.0497
98.41125 50.0497
98.510006 50.0504
98.61 50.0497
98.71125 50.0497
98.810006 50.0504
98.91 50.0497
99.01125 50.0497
99.110006 50.0503
99.21 50.0497
99.31125 50.0497
99.410006 50.0503
99.51 50.0498
99.61125 50.0497
99.710006 50.0503
99.81 50.0497
99.91125 50.0497
 avgDelay: 0.050052 s
 overall delay: 6214.084645 s
 overall packet: 124152
 (mn,mx): 2.000000 0.000000 
