1 0.166667
1 0
1 0.166667
1 0
1 0.166667
1 0
1 0.166667
1 0
1.021067 0
1.021067 0
1.021067 0
1.110667 0.166667
1.211733 0.5
1.322667 0
1.4136 0.333333
1.510133 0.320513
1.621067 0.333333
1.710933 0.166667
1.8152 0.3
1.9128 0.333333
2.0116 0.333333
2.120267 0.3
2.210133 0.166667
2.3144 0.166667
2.412 0.333333
2.5108 0.333333
2.619467 0.3
2.7104 0.166667
2.8136 0.166667
2.9112 0.333333
3.015467 0.166667
3.118667 0.333333
3.2108 0.166667
3.3128 0.166667
3.4104 0.166667
3.514667 0.166667
3.617867 0.166667
3.717733 0.166667
3.812 0.166667
3.922933 0.333333
4.013867 0.166667
4.117067 0.333333
4.216933 0.166667
4.3112 0.166667
4.422133 0.166667
4.519733 0.166667
4.618533 0.3
4.716133 0.166667
4.8104 0.166667
4.921333 0.166667
5.018933 0.166667
5.115467 0.166667
5.215333 0.166667
5.316267 0.166667
5.420533 0.166667
5.518133 0.333333
5.616933 0.333333
5.714533 0.166667
5.815467 0.166667
5.919733 0.166667
6.017333 0.166667
6.116133 0.166667
6.213733 0.166667
6.314667 0.166667
6.418933 0.166667
6.516533 0.333333
6.615333 0.166667
6.712933 0.166667
6.813867 0.166667
6.918133 0.166667
7.015733 0.166667
7.114533 0.166667
7.212133 0
7.313067 0.166667
7.424 0
7.514933 0.166667
7.613733 0.166667
7.711333 0.166667
7.812267 0
7.9232 0
8.014133 0.166667
8.112933 0
8.210533 0.166667
8.311467 0
8.415733 0.166667
8.513333 0.166667
8.612133 0
8.723067 0
8.810667 0
8.9216 0
9.012533 0
9.111333 0
9.222267 0
9.310933 0
9.4208 0
9.511733 0
9.610533 0
9.721467 0
9.810133 0
9.913333 0.166667
10.010933 0
10.121867 0.166667
10.220667 0.166667
10.310533 0
10.412533 0.166667
10.510133 0.166667
10.621067 0.166667
10.719867 0.266667
10.817467 0.266667
10.911733 0.166667
11.022667 0.166667
11.120267 0.166667
11.2168 0.166667
11.316667 0.166667
11.410933 0.166667
11.521867 0.166667
11.6128 0.3
11.718267 0.166667
11.815867 0.3
11.910133 0.166667
12.021067 0.166667
12.118667 0.166667
12.217467 0.166667
12.315067 0.166667
12.416 0.166667
12.526933 0.166667
12.617867 0
12.7144 0.166667
12.814267 0.3
12.9152 0.166667
13.019467 0.166667
13.117067 0
13.2136 0.166667
13.313467 0.3
13.4144 0.166667
13.518667 0.166667
13.616267 0
13.7128 0.166667
13.812667 0.3
13.9136 0.166667
14.017867 0.333333
14.115467 0.166667
14.214267 0.166667
14.311867 0.166667
14.4128 0.166667
14.517067 0.166667
14.614667 0.166667
14.713467 0.166667
14.811067 0.333333
14.912 0.166667
15.0112 0.51556
15.112 0.437398
15.21 0.43876
15.310267 0.453561
15.4112 0.390705
15.51 0.472052
15.6104 0.43876
15.7112 0.437398
15.81 0.43876
15.9104 0.391561
16.0112 0.437398
16.11 0.502368
16.211067 0.43876
16.3104 0.437398
16.41 0.391561
16.51125 0.470722
16.6104 0.43876
16.71 0.43876
16.81125 0.437398
16.911067 0.453561
17.01 0.391561
17.110667 0.43876
17.2116 0.499938
17.31 0.333215
17.41 0.333215
17.5108 0.333333
17.61 0.333215
17.7104 0.333215
17.8112 0.333333
17.91 0.333215
18.0104 0.333215
18.1112 0.333333
18.21 0.333215
18.31125 0.333333
18.41 0.333215
18.51 0.333215
18.61125 0.333333
18.7104 0.333215
18.8112 0.333333
18.9108 0.333333
19.0116 0.333333
19.1104 0.333333
19.2112 0.333333
19.312 0.333333
19.4104 0.333333
19.5112 0.333333
19.612 0.333333
19.7128 0.333333
19.8104 0.333333
19.9108 0.333333
20.0116 0.333333
20.1104 0.333333
20.2112 0.333333
20.3108 0.333333
20.41125 0.333215
20.5104 0.333215
20.6112 0.333333
20.71125 0.333215
20.8104 0.333215
20.9112 0.333333
21.01125 0.333215
21.1125 0.390705
21.2104 0.391561
21.3108 0.333333
21.4116 0.333333
21.5104 0.333333
21.6112 0.333333
21.7108 0.333333
21.8116 0.333333
21.9104 0.333333
22.0112 0.333333
22.112 0.333333
22.2104 0.392725
22.3112 0.333333
22.412 0.333333
22.51125 0.391561
22.6104 0.333215
22.7108 0.333333
22.81125 0.333215
22.9104 0.333215
23.0112 0.333333
23.1108 0.333333
23.2116 0.333333
23.3104 0.333333
23.4112 0.333333
23.512 0.333333
23.6104 0.333333
23.7112 0.333333
23.812 0.333333
23.9128 0.333333
24.0104 0.333333
24.1108 0.333333
24.2116 0.333333
24.3104 0.333333
24.4112 0.333333
24.5108 0.333333
24.61125 0.333215
24.7104 0.333215
24.8112 0.333333
24.91125 0.333215
25.0104 0.333215
25.1112 0.333333
25.21125 0.333215
25.3125 0.333333
25.4104 0.333215
25.5108 0.333333
25.6116 0.333333
25.7104 0.333333
25.8112 0.333333
25.9108 0.333333
26.0116 0.333333
26.1104 0.333333
26.2112 0.333333
26.312 0.333333
26.4104 0.333333
26.5112 0.333333
26.612 0.333333
26.71125 0.333215
26.8104 0.333215
26.9108 0.333333
27.01125 0.333215
27.1104 0.333215
27.2112 0.333333
27.3108 0.333333
27.4116 0.333333
27.5104 0.333333
27.6112 0.333333
27.712 0.333333
27.8104 0.333333
27.9112 0.333333
28.012 0.333333
28.1128 0.333333
28.2104 0.333333
28.3108 0.333333
28.4116 0.333333
28.5104 0.333333
28.6112 0.333333
28.7108 0.333333
28.81125 0.333215
28.9104 0.333215
29.0112 0.333333
29.11125 0.333215
29.2104 0.333215
29.3112 0.333333
29.41125 0.333215
29.5125 0.333333
29.6104 0.333215
29.7108 0.333333
29.8116 0.333333
29.9104 0.333333
30.0112 0.333333
30.1108 0.333333
30.2116 0.390705
30.3104 0.333333
30.4112 0.333333
30.512 0.333333
30.6104 0.333333
30.7112 0.333333
30.812 0.333333
30.91125 0.333215
31.0104 0.333215
31.1108 0.333333
31.21125 0.333215
31.3104 0.333215
31.4112 0.333333
31.5108 0.392725
31.6116 0.333333
31.7104 0.333333
31.8112 0.333333
31.912 0.333333
32.0104 0.333333
32.1112 0.333333
32.212 0.333333
32.3128 0.390705
32.4104 0.333333
32.5108 0.333333
32.6116 0.333333
32.7104 0.333333
32.8112 0.333333
32.9108 0.333333
33.01125 0.391561
33.1104 0.333215
33.2112 0.333333
33.31125 0.333215
33.4104 0.333215
33.5112 0.333333
33.61125 0.333215
33.7125 0.333333
33.8104 0.333215
33.9108 0.333333
34.0116 0.333333
34.1104 0.333333
34.2112 0.333333
34.3108 0.333333
34.4116 0.333333
34.5104 0.333333
34.6112 0.333333
34.712 0.333333
34.8104 0.333333
34.9112 0.333333
35.012 0.333333
35.11125 0.333215
35.2104 0.333215
35.3108 0.333333
35.41125 0.333215
35.5104 0.333215
35.6112 0.333333
35.7108 0.333333
35.8116 0.333333
35.9104 0.333333
36.0112 0.333333
36.112 0.333333
36.2104 0.333333
36.3112 0.333333
36.412 0.333333
36.5128 0.333333
36.6104 0.333333
36.7108 0.333333
36.8116 0.333333
36.9104 0.333333
37.0112 0.333333
37.1108 0.333333
37.21125 0.333215
37.3104 0.333215
37.4112 0.333333
37.51125 0.333215
37.6104 0.333215
37.7112 0.333333
37.81125 0.333215
37.9125 0.333333
38.0104 0.333215
38.1108 0.333333
38.2116 0.333333
38.3104 0.333333
38.4112 0.333333
38.5108 0.333333
38.6116 0.333333
38.7104 0.333333
38.8112 0.333333
38.912 0.333333
39.0104 0.333333
39.1112 0.333333
39.212 0.333333
39.31125 0.333215
39.4104 0.333215
39.5108 0.333333
39.61125 0.333215
39.7104 0.333215
39.8112 0.333333
39.9108 0.333333
40.0116 0.333333
40.1104 0.333333
40.2112 0.333333
40.312 0.333333
40.4104 0.333333
40.5112 0.333333
40.612 0.333333
40.7128 0.333333
40.8104 0.333333
40.9108 0.333333
41.0116 0.333333
41.1104 0.333333
41.2112 0.333333
41.3108 0.333333
41.41125 0.333215
41.5104 0.333215
41.6112 0.333333
41.71125 0.333215
41.8104 0.333215
41.9112 0.333333
42.01125 0.333215
42.1125 0.333333
42.2104 0.333215
42.3108 0.333333
42.4116 0.333333
42.5104 0.333333
42.6112 0.333333
42.7108 0.333333
42.8116 0.333333
42.9104 0.333333
43.0112 0.333333
43.112 0.333333
43.2104 0.333333
43.3112 0.333333
43.412 0.333333
43.51125 0.333215
43.6104 0.333215
43.7108 0.333333
43.81125 0.333215
43.9104 0.333215
44.0112 0.333333
44.1108 0.333333
44.2116 0.333333
44.3104 0.333333
44.4112 0.333333
44.512 0.333333
44.6104 0.333333
44.7112 0.333333
44.812 0.333333
44.9128 0.333333
45.0104 0.333333
45.1108 0.333333
45.2116 0.333333
45.3104 0.333333
45.4112 0.333333
45.5108 0.333333
45.61125 0.333215
45.7104 0.333215
45.8112 0.333333
45.91125 0.333215
46.0104 0.333215
46.1112 0.333333
46.21125 0.333215
46.3125 0.333333
46.4104 0.333215
46.5108 0.333333
46.6116 0.333333
46.7104 0.333333
46.8112 0.333333
46.9108 0.333333
47.0116 0.333333
47.1104 0.333333
47.2112 0.333333
47.312 0.333333
47.4104 0.333333
47.5112 0.333333
47.612 0.333333
47.71125 0.333215
47.8104 0.333215
47.9108 0.333333
48.01125 0.333215
48.1104 0.333215
48.2112 0.333333
48.3108 0.333333
48.4116 0.390705
48.5104 0.333333
48.6112 0.333333
48.712 0.333333
48.8104 0.333333
48.9112 0.333333
49.012 0.333333
49.1128 0.333333
49.2104 0.333333
49.3108 0.333333
49.4116 0.333333
49.5104 0.333333
49.6112 0.333333
49.7108 0.333333
49.81125 0.333215
49.9104 0.333215
50.0112 0.333333
50.11125 0.333215
50.2104 0.333215
50.3112 0.333333
50.41125 0.333215
50.5125 0.333333
50.6104 0.333215
50.7108 0.333333
50.8116 0.333333
50.9104 0.333333
51.0112 0.333333
51.1108 0.333333
51.2116 0.333333
51.3104 0.333333
51.4112 0.333333
51.512 0.333333
51.6104 0.333333
51.7112 0.333333
51.812 0.333333
51.91125 0.333215
52.0104 0.333215
52.1108 0.390705
52.21125 0.333215
52.3104 0.333215
52.4112 0.390705
52.5108 0.333333
52.6116 0.333333
52.7104 0.333333
52.8112 0.333333
52.912 0.333333
53.0104 0.333333
53.1112 0.333333
53.212 0.333333
53.3128 0.333333
53.4104 0.333333
53.5108 0.333333
53.6116 0.333333
53.7104 0.333333
53.8112 0.333333
53.9108 0.333333
54.01125 0.333215
54.1104 0.391561
54.2112 0.333333
54.31125 0.333215
54.4104 0.333215
54.5112 0.333333
54.61125 0.333215
54.7125 0.333333
54.8104 0.333215
54.9108 0.333333
55.0116 0.333333
55.1104 0.333333
55.2112 0.333333
55.3108 0.333333
55.4116 0.333333
55.5104 0.333333
55.6112 0.333333
55.712 0.333333
55.8104 0.333333
55.9112 0.333333
56.012 0.333333
56.11125 0.333215
56.2104 0.333215
56.3108 0.333333
56.41125 0.333215
56.5104 0.333215
56.6112 0.333333
56.7108 0.333333
56.8116 0.333333
56.9104 0.333333
57.0112 0.333333
57.112 0.333333
57.2104 0.333333
57.3112 0.333333
57.412 0.333333
57.5128 0.333333
57.6104 0.333333
57.7108 0.333333
57.8116 0.333333
57.9104 0.333333
58.0112 0.333333
58.1108 0.333333
58.21125 0.333215
58.3104 0.333215
58.4112 0.333333
58.51125 0.333215
58.6104 0.333215
58.7112 0.333333
58.81125 0.333215
58.9125 0.333333
59.0104 0.333215
59.1108 0.333333
59.2116 0.333333
59.3104 0.333333
59.4112 0.333333
59.5108 0.333333
59.6116 0.333333
59.7104 0.333333
59.8112 0.333333
59.912 0.333333
60.0104 0.333333
60.1112 0.333333
60.212 0.333333
60.31125 0.333215
60.4104 0.333215
60.5108 0.333333
60.61125 0.333215
60.7104 0.333215
60.8112 0.333333
60.9108 0.333333
61.0116 0.333333
61.1104 0.333333
61.2112 0.333333
61.312 0.333333
61.4104 0.333333
61.5112 0.333333
61.612 0.333333
61.7128 0.333333
61.8104 0.333333
61.9108 0.333333
62.0116 0.333333
62.1104 0.333333
62.2112 0.333333
62.3108 0.333333
62.41125 0.333215
62.5104 0.333215
62.6112 0.333333
62.71125 0.333215
62.8104 0.333215
62.9112 0.333333
63.01125 0.333215
63.1125 0.333333
63.2104 0.333215
63.3108 0.333333
63.4116 0.333333
63.5104 0.333333
63.6112 0.333333
63.7108 0.333333
63.8116 0.333333
63.9104 0.333333
64.0112 0.333333
64.112 0.333333
64.2104 0.333333
64.3112 0.333333
64.412 0.333333
64.51125 0.333215
64.6104 0.333215
64.7108 0.333333
64.81125 0.333215
64.9104 0.333215
65.0112 0.333333
65.1108 0.333333
65.2116 0.333333
65.3104 0.333333
65.4112 0.333333
65.512 0.333333
65.6104 0.333333
65.7112 0.333333
65.812 0.333333
65.9128 0.333333
66.0104 0.333333
66.1108 0.333333
66.2116 0.333333
66.3104 0.333333
66.4112 0.333333
66.5108 0.333333
66.61125 0.333215
66.7104 0.333215
66.8112 0.333333
66.91125 0.333215
67.0104 0.333215
67.1112 0.333333
67.21125 0.333215
67.3125 0.333333
67.4104 0.333215
67.5108 0.333333
67.6116 0.333333
67.7104 0.333333
67.8112 0.333333
67.9108 0.333333
68.0116 0.333333
68.1104 0.333333
68.2112 0.333333
68.312 0.333333
68.4104 0.333333
68.5112 0.333333
68.612 0.333333
68.71125 0.333215
68.8104 0.333215
68.9108 0.333333
69.01125 0.333215
69.1104 0.333215
69.2112 0.333333
69.3108 0.333333
69.4116 0.333333
69.5104 0.333333
69.6112 0.333333
69.712 0.333333
69.8104 0.333333
69.9112 0.333333
70.012 0.333333
70.1128 0.333333
70.2104 0.333333
70.3108 0.333333
70.4116 0.333333
70.5104 0.333333
70.6112 0.333333
70.7108 0.333333
70.81125 0.333215
70.9104 0.333215
71.0112 0.333333
71.11125 0.333215
71.2104 0.333215
71.3112 0.333333
71.41125 0.333215
71.5125 0.333333
71.6104 0.333215
71.7108 0.333333
71.8116 0.333333
71.9104 0.333333
72.0112 0.333333
72.1108 0.333333
72.2116 0.333333
72.3104 0.333333
72.4112 0.333333
72.512 0.333333
72.6104 0.333333
72.7112 0.333333
72.812 0.333333
72.91125 0.333215
73.0104 0.333215
73.1108 0.333333
73.21125 0.333215
73.3104 0.333215
73.4112 0.333333
73.5108 0.333333
73.6116 0.333333
73.7104 0.333333
73.8112 0.333333
73.912 0.333333
74.0104 0.333333
74.1112 0.333333
74.212 0.333333
74.3128 0.333333
74.4104 0.333333
74.5108 0.333333
74.6116 0.333333
74.7104 0.333333
74.8112 0.333333
74.9108 0.333333
75.01125 0.333215
75.1104 0.333215
75.2112 0.333333
75.31125 0.333215
75.4104 0.333215
75.51 0.333215
75.61125 0.333333
75.7125 0.333333
75.81 0.333333
75.9108 0.333215
76.0116 0.333333
76.11 0.333215
76.21 0.333215
76.3108 0.333333
76.41 0.333215
76.5104 0.333215
76.6112 0.333333
76.71 0.333215
76.8104 0.333215
76.9112 0.333333
77.01 0.333215
77.11125 0.333333
77.21 0.333215
77.31 0.333215
77.41125 0.333333
77.5104 0.333215
77.61 0.333215
77.7108 0.333215
77.8116 0.333333
77.91 0.333215
78.0112 0.333215
78.112 0.333333
78.21 0.333215
78.3112 0.333215
78.412 0.333333
78.51 0.333215
78.61 0.333215
78.7108 0.333333
78.81 0.333215
78.9104 0.333215
79.01 0.333333
79.11 0.333215
79.21125 0.333333
79.3104 0.333215
79.41 0.333215
79.51125 0.333333
79.6104 0.333215
79.71 0.333215
79.81125 0.333333
79.9125 0.333333
80.01 0.333333
80.1108 0.333215
80.2116 0.333333
80.31 0.333215
80.41 0.333215
80.5108 0.333333
80.61 0.333215
80.7104 0.333215
80.8112 0.333333
80.91 0.333215
81.0104 0.333215
81.1112 0.333333
81.21 0.333215
81.31125 0.333333
81.41 0.333215
81.51 0.333215
81.61125 0.333333
81.7104 0.333215
81.81 0.333215
81.9108 0.333215
82.0116 0.333333
82.11 0.333215
82.2112 0.333215
82.312 0.333333
82.41 0.333215
82.5112 0.333215
82.612 0.333333
82.71 0.333215
82.81 0.333215
82.9108 0.333333
83.01 0.333215
83.1104 0.333215
83.21 0.333333
83.31 0.333215
83.41125 0.333333
83.5104 0.333215
83.61 0.333215
83.71125 0.333333
83.8104 0.333215
83.91 0.333215
84.01125 0.333333
84.1125 0.333333
84.21 0.333333
84.3108 0.333215
84.4116 0.333333
84.51 0.333215
84.61 0.333215
84.7108 0.333333
84.81 0.391561
84.9104 0.333215
85.0112 0.333333
85.11 0.333215
85.2104 0.333215
85.3112 0.333333
85.41 0.333215
85.51125 0.333333
85.61 0.333215
85.71 0.333215
85.81125 0.333333
85.9104 0.333215
86.01 0.333215
86.1108 0.333215
86.2116 0.333333
86.31 0.333215
86.4112 0.333215
86.512 0.333333
86.61 0.333215
86.7112 0.333215
86.812 0.333333
86.91 0.333215
87.01 0.333215
87.1108 0.333333
87.21 0.333215
87.3104 0.333215
87.41 0.333333
87.51 0.333215
87.61125 0.333333
87.7104 0.333215
87.81 0.333215
87.91125 0.333333
88.0104 0.333215
88.11 0.333215
88.21125 0.333333
88.3125 0.333333
88.41 0.333333
88.5108 0.333215
88.6116 0.333333
88.71 0.333215
88.81 0.333215
88.9108 0.333333
89.01 0.333215
89.1104 0.333215
89.2112 0.333333
89.31 0.333215
89.4104 0.333215
89.5112 0.333333
89.61 0.333215
89.71125 0.333333
89.81 0.333215
89.91 0.333215
90.01125 0.333333
90.1104 0.333215
90.21 0.333215
90.3108 0.333215
90.4116 0.333333
90.51 0.333215
90.6112 0.333215
90.712 0.333333
90.81 0.333215
90.9112 0.333215
91.012 0.333333
91.11 0.333215
91.21 0.333215
91.3108 0.333333
91.41 0.333215
91.5104 0.333215
91.61 0.333333
91.71 0.333215
91.81125 0.333333
91.9104 0.333215
92.01 0.333215
92.11125 0.333333
92.2104 0.333215
92.31 0.333215
92.41125 0.333333
92.5125 0.333333
92.61 0.392725
92.7108 0.333215
92.8116 0.333333
92.91 0.333215
93.01 0.333215
93.1108 0.333333
93.21 0.333215
93.3104 0.391561
93.4112 0.333333
93.51 0.333215
93.6104 0.333215
93.7112 0.333333
93.81 0.333215
93.91125 0.333333
94.01 0.333215
94.11 0.333215
94.21125 0.333333
94.3104 0.333215
94.41 0.333215
94.5108 0.333215
94.6116 0.333333
94.71 0.333215
94.8112 0.333215
94.912 0.333333
95.01 0.333215
95.1112 0.333215
95.212 0.333333
95.31 0.333215
95.41 0.333215
95.5108 0.333333
95.61 0.333215
95.7104 0.333215
95.81 0.333333
95.91 0.333215
96.01125 0.333333
96.1104 0.333215
96.21 0.333215
96.31125 0.390705
96.4104 0.333215
96.51 0.333215
96.61125 0.333333
96.7125 0.333333
96.81 0.333333
96.9108 0.333215
97.0116 0.333333
97.11 0.333215
97.21 0.333215
97.3108 0.333333
97.41 0.333215
97.5104 0.333215
97.6112 0.333333
97.71 0.333215
97.8104 0.333215
97.9112 0.333333
98.01 0.333215
98.11125 0.333333
98.21 0.333215
98.31 0.333215
98.41125 0.333333
98.5104 0.333215
98.61 0.333215
98.7108 0.333215
98.8116 0.333333
98.91 0.333215
99.0112 0.333215
99.112 0.333333
99.21 0.333215
99.3112 0.333215
99.412 0.333333
99.51 0.333215
99.61 0.333215
99.7108 0.333333
99.81 0.333215
99.9104 0.333215
