1 0
1 0
1 0
1 0
1 0
1 0
1 0
1 0
1.021067 0
1.021067 0
1.021067 0
1.110667 0
1.211733 0
1.322667 0
1.4136 0
1.510133 0
1.621067 0
1.710933 0
1.8152 0
1.9128 0
2.0116 0
2.120267 0
2.210133 0
2.3144 0
2.412 0
2.5108 0
2.619467 0
2.7104 0
2.8136 0
2.9112 0
3.015467 0
3.118667 0
3.2108 0
3.3128 0
3.4104 0
3.514667 0
3.617867 0
3.717733 0
3.812 0
3.922933 0
4.013867 0
4.117067 0
4.216933 0
4.3112 0.00884956
4.422133 0.0172414
4.519733 0.00847458
4.618533 0
4.716133 0.008
4.8104 0.00787402
4.921333 0.0155039
5.018933 0
5.115467 0
5.215333 0.0143885
5.316267 0.0142857
5.420533 0
5.518133 0
5.616933 0
5.714533 0
5.815467 0
5.919733 0
6.017333 0
6.116133 0
6.213733 0
6.314667 0
6.418933 0
6.516533 0
6.615333 0
6.712933 0
6.813867 0
6.918133 0
7.015733 0
7.114533 0
7.212133 0
7.313067 0
7.424 0
7.514933 0
7.613733 0
7.711333 0
7.812267 0
7.9232 0
8.014133 0
8.112933 0
8.210533 0
8.311467 0
8.415733 0
8.513333 0
8.612133 0
8.723067 0
8.810667 0
8.9216 0
9.012533 0
9.111333 0
9.222267 0
9.310933 0
9.4208 0
9.511733 0
9.610533 0
9.721467 0
9.810133 0
9.913333 0
10.010933 0
10.121867 0
10.220667 0
10.310533 0
10.4192 0
10.510133 0
10.621067 0
10.719867 0
10.817467 0
10.911733 0
11.022667 0
11.120267 0
11.219067 0
11.316667 0
11.410933 0
11.521867 0
11.619467 0
11.718267 0
11.815867 0
11.910133 0
12.021067 0
12.118667 0
12.217467 0
12.315067 0
12.416 0
12.520267 0
12.617867 0
12.716667 0
12.814267 0
12.9152 0
13.019467 0
13.117067 0
13.215867 0
13.313467 0
13.4144 0
13.518667 0
13.616267 0
13.715067 0
13.812667 0
13.9136 0
14.017867 0
14.115467 0
14.212 0
14.311867 0
14.4128 0
14.517067 0
14.614667 0
14.713467 0
14.811067 0
14.912 0
15.0112 0
15.112 0
15.21 0.0707071
15.310267 0.0820399
15.4112 0.0731225
15.51 0.0623886
15.6104 0.0744337
15.710933 0.0816024
15.81 0.0643836
15.9104 0.0561941
16.0112 0.0573477
16.11 0.0516274
16.21125 0.0486772
16.3104 0.0480962
16.41 0.0417854
16.51125 0.0451671
16.6104 0.0404823
16.71 0.0378601
16.81125 0.0378251
16.9125 0.0355253
17.01 0.0319767
17.110267 0.0328901
17.210533 0.0316925
17.31 0.0292398
17.410133 0.0295226
17.510933 0.027339
17.61 0.025309
17.7104 0.0256849
17.8112 0.0249169
17.91 0.0242066
18.0104 0.0214435
18.1112 0.0228891
18.21 0.0222883
18.31125 0.0217077
18.4104 0.0211566
18.51 0.0201835
18.610533 0.0201523
18.7104 0.0192392
18.810133 0.0192226
18.910933 0.0188048
19.010533 0.0183899
19.1104 0.0179928
19.2112 0.0168429
19.312 0.0172612
19.4104 0.0161593
19.5112 0.0165868
19.612 0.0162631
19.7128 0.0152428
19.8104 0.0156631
19.9112 0.0153741
20.010533 0.0150956
20.1104 0.0138477
20.210133 0.0145773
20.310933 0.0143266
20.410533 0.0140933
20.5104 0.0138589
20.6112 0.0136322
20.71125 0.0128205
20.8104 0.0126211
20.9112 0.013002
21.01125 0.0128059
21.1125 0.0126121
21.2104 0.0124275
21.3112 0.0117039
21.410533 0.0123391
21.5104 0.0116341
21.610133 0.0117371
21.710933 0.0115741
21.810533 0.0109082
21.9104 0.0112669
22.0112 0.0111166
22.112 0.0109703
22.2104 0.00987
22.3112 0.0106939
22.412 0.0105584
22.51125 0.0104287
22.6104 0.0103022
22.7112 0.0101764
22.810533 0.00961109
22.9104 0.00971731
23.010133 0.00982104
23.110933 0.00971083
23.210533 0.00959898
23.3104 0.00948967
23.4112 0.00896955
23.512 0.00928218
23.6104 0.00877193
23.7112 0.00908357
23.812 0.00898562
23.9128 0.00849467
24.0104 0.00879937
24.1112 0.00870743
24.210533 0.00861739
24.3104 0.00796359
24.410133 0.00844595
24.510933 0.0083612
24.610533 0.00828119
24.7104 0.00819971
24.8112 0.00811981
24.91125 0.00768543
25.0104 0.00761331
25.1112 0.00789197
25.21125 0.00799166
25.3125 0.00774527
25.4104 0.00767525
25.5112 0.00726965
25.610533 0.00753895
25.7104 0.00730533
25.810133 0.00740741
25.910933 0.00734214
26.010533 0.00695455
26.1104 0.00737652
26.2112 0.00715421
26.312 0.00709332
26.4104 0.00641026
26.5112 0.00697674
26.612 0.00691882
26.71125 0.00686289
26.8104 0.00680787
26.9112 0.0067527
27.010533 0.00640262
27.1104 0.0064983
27.210133 0.00673993
27.310933 0.00668799
27.410533 0.00649163
27.5104 0.00644145
27.6112 0.00610969
27.712 0.00634518
27.8104 0.00601735
27.9112 0.00625174
28.012 0.00620518
28.1128 0.00588557
28.2104 0.00611579
28.3112 0.00607124
28.410533 0.00602732
28.5104 0.00558659
28.610133 0.00594295
28.710933 0.00590087
28.810533 0.0058609
28.9104 0.00581997
29.0112 0.0057796
29.11125 0.00548539
29.2104 0.00544856
29.3112 0.00566323
29.41125 0.0056257
29.5125 0.00558798
29.6104 0.00555144
29.7112 0.0052709
29.810533 0.00547979
29.9104 0.00532301
30.010133 0.00540995
30.110933 0.00537506
30.210533 0.00510325
30.3104 0.00530786
30.4112 0.00527426
30.512 0.00524109
30.6104 0.00474647
30.7112 0.00517717
30.812 0.00514521
30.91125 0.00511422
31.0104 0.0050836
31.1112 0.00505277
31.210533 0.00480018
31.3104 0.00488238
31.410133 0.0049636
31.510933 0.00493529
31.610533 0.00490624
31.7104 0.00487752
31.8112 0.00463462
31.912 0.00482212
32.0104 0.00458129
32.1112 0.00476796
32.212 0.00474083
32.3128 0.0045045
32.4104 0.00468848
32.5112 0.00466225
32.610533 0.00463631
32.7104 0.00430416
32.810133 0.00458622
32.910933 0.00456112
33.010533 0.00453721
33.1104 0.00451264
33.2112 0.00448833
33.31125 0.0042663
33.4104 0.00424398
33.5112 0.00441783
33.61125 0.00439496
33.7125 0.0043719
33.8104 0.00434951
33.9112 0.00413541
34.010533 0.0043054
34.1104 0.00418808
34.210133 0.00426217
34.310933 0.00424048
34.410533 0.0040315
34.5104 0.00419854
34.6112 0.0041775
34.712 0.00415666
34.8104 0.00376908
34.9112 0.00411636
35.012 0.00409612
35.11125 0.00407646
35.2104 0.00405698
35.3112 0.00403732
35.410533 0.00383997
35.5104 0.00391042
35.610133 0.00398019
35.710933 0.00396197
35.810533 0.00394322
35.9104 0.00392465
36.0112 0.00373329
36.112 0.0038887
36.2104 0.00369861
36.3112 0.0038534
36.412 0.00383566
36.5128 0.0036484
36.6104 0.00380132
36.7112 0.00378406
36.810533 0.00376695
36.9104 0.00350058
37.010133 0.00373382
37.110933 0.00371717
37.210533 0.00370127
37.3104 0.0036849
37.4112 0.00366868
37.51125 0.00349054
37.6104 0.00347559
37.7112 0.00362144
37.81125 0.00360606
37.9125 0.00359052
38.0104 0.0035754
38.1112 0.00340244
38.210533 0.00354554
38.3104 0.00345206
38.410133 0.00351617
38.510933 0.0035014
38.610533 0.00333178
38.7104 0.00347249
38.8112 0.00353493
38.912 0.00344379
39.0104 0.00312524
39.1112 0.00341608
39.212 0.00340213
39.31125 0.00338855
39.4104 0.00337508
39.5112 0.00336147
39.610533 0.00319964
39.7104 0.00326095
39.810133 0.00332177
39.910933 0.00330907
40.010533 0.00329598
40.1104 0.00328299
40.2112 0.00312523
40.312 0.0032578
40.4104 0.00310089
40.5112 0.00323299
40.612 0.0032205
40.7128 0.00306552
40.8104 0.00319625
40.9112 0.00318404
41.010533 0.00317192
41.1104 0.00294965
41.210133 0.00314839
41.310933 0.00313654
41.410533 0.00312522
41.5104 0.00311354
41.6112 0.00310195
41.71125 0.0029533
41.8104 0.00294259
41.9112 0.00306811
42.01125 0.00305707
42.1125 0.00304589
42.2104 0.003035
42.3112 0.00288998
42.410533 0.00301346
42.5104 0.00293588
42.610133 0.00299222
42.710933 0.00298151
42.810533 0.00283885
42.9104 0.00296072
43.0112 0.00295024
43.112 0.00293983
43.2104 0.00266944
43.3112 0.00291961
43.412 0.00290942
43.51125 0.00289948
43.6104 0.00288962
43.7112 0.00287963
43.810533 0.00274252
43.9104 0.00279667
44.010133 0.00285045
44.110933 0.00284109
44.210533 0.00283144
44.3104 0.00288437
44.4112 0.0026875
44.512 0.00280304
44.6104 0.00266948
44.7112 0.00278465
44.812 0.00277538
44.9128 0.00264323
45.0104 0.00275735
45.1112 0.00274826
45.210533 0.00273923
45.3104 0.00254854
45.410133 0.00272166
45.510933 0.0027128
45.610533 0.00270433
45.7104 0.00269558
45.8112 0.00268689
45.91125 0.00255937
46.0104 0.00255132
46.1112 0.00266146
46.21125 0.00265315
46.3125 0.00264473
46.4104 0.00263651
46.5112 0.00251168
46.610533 0.00262024
46.7104 0.00255398
46.810133 0.00260417
46.910933 0.00259605
47.010533 0.00247283
47.1104 0.00263746
47.2112 0.00257216
47.312 0.00262108
47.4104 0.00232928
47.5112 0.00254871
47.612 0.00254094
47.71125 0.00253336
47.8104 0.00252582
47.9112 0.00251819
48.010533 0.00239929
48.1104 0.00244771
48.210133 0.00249584
48.310933 0.00248866
48.410533 0.00248125
48.5104 0.00247389
48.6112 0.0023572
48.712 0.00245955
48.8104 0.00234332
48.9112 0.00244539
49.012 0.00243823
49.1128 0.00232307
49.2104 0.00242431
49.3112 0.00241728
49.410533 0.00241028
49.5104 0.00224335
49.610133 0.00239668
49.710933 0.0023898
49.810533 0.00238322
49.9104 0.00237643
50.0112 0.00236967
50.11125 0.00225805
50.2104 0.00225178
50.3112 0.00234987
50.41125 0.00234338
50.5125 0.00233681
50.6104 0.0023304
50.7112 0.00222084
50.810533 0.00231768
50.9104 0.00225989
51.010133 0.00230509
51.110933 0.00229873
51.210533 0.00219052
51.3104 0.00228635
51.4112 0.0022801
51.512 0.00227388
51.6104 0.00206632
51.7112 0.00226176
51.812 0.00225564
51.91125 0.00224966
52.0104 0.00224372
52.1112 0.00223769
52.210533 0.00213272
52.3104 0.00217649
52.410133 0.00222003
52.510933 0.00221435
52.610533 0.00220848
52.7104 0.00220264
52.8112 0.0020994
52.912 0.00219127
53.0104 0.00208839
53.1112 0.00218002
53.212 0.00217433
53.3128 0.00207229
53.4104 0.00216325
53.5112 0.00215765
53.610533 0.00215208
53.7104 0.00200363
53.810133 0.00214123
53.910933 0.00213574
54.010533 0.00213048
54.1104 0.00212505
54.2112 0.00211964
54.31125 0.00202039
54.4104 0.00201537
54.5112 0.00210379
54.61125 0.00209859
54.7125 0.00209332
54.8104 0.00208817
54.9112 0.00199056
55.010533 0.00207795
55.1104 0.00202672
55.210133 0.00206782
55.310933 0.00206271
55.410533 0.00196616
55.5104 0.00205273
55.6112 0.00204769
55.712 0.00204267
55.8104 0.00185672
55.9112 0.00203289
56.012 0.00202794
56.11125 0.00202311
56.2104 0.0020183
56.3112 0.00201342
56.410533 0.00191947
56.5104 0.00195939
56.610133 0.00199911
56.710933 0.0019945
56.810533 0.00198974
56.9104 0.001985
57.0112 0.00189244
57.112 0.00197576
57.2104 0.00188349
57.3112 0.00196661
57.412 0.00196198
57.5128 0.00187038
57.6104 0.00195296
57.7112 0.00194839
57.810533 0.00194384
57.9104 0.00181019
58.010133 0.00193498
58.110933 0.0019305
58.210533 0.0019262
58.3104 0.00192176
58.4112 0.00191734
58.51125 0.001828
58.6104 0.00182389
58.7112 0.00190436
58.81125 0.0019001
58.9125 0.00189577
59.0104 0.00189155
59.1112 0.00180354
59.210533 0.00188316
59.3104 0.00183716
59.410133 0.00187484
59.510933 0.00187064
59.610533 0.00178349
59.7104 0.00186243
59.8112 0.00185828
59.912 0.00185414
60.0104 0.00168572
60.1112 0.00184608
60.212 0.001842
60.31125 0.00183801
60.4104 0.00183404
60.5112 0.00183001
60.610533 0.00174499
60.7104 0.00178167
60.810133 0.00181818
60.910933 0.00181437
61.010533 0.00181043
61.1104 0.0018065
61.2112 0.00172262
61.312 0.00179885
61.4104 0.0017152
61.5112 0.00179126
61.612 0.00178742
61.7128 0.00170432
61.8104 0.00177992
61.9112 0.00177606
62.010533 0.00181167
62.1104 0.00165075
62.210133 0.00176491
62.310933 0.00176118
62.410533 0.00175761
62.5104 0.00175391
62.6112 0.00175022
62.71125 0.001669
62.8104 0.00166557
62.9112 0.0017394
63.01125 0.00173584
63.1125 0.00173223
63.2104 0.00172871
63.3112 0.00164858
63.410533 0.0017217
63.5104 0.00167997
63.610133 0.00171474
63.710933 0.00171122
63.810533 0.00163182
63.9104 0.00170435
64.0112 0.00170087
64.112 0.00169741
64.2104 0.0015435
64.3112 0.00169065
64.412 0.00168723
64.51125 0.00168388
64.6104 0.00168055
64.7112 0.00167716
64.810533 0.00159952
64.9104 0.00163344
65.010133 0.00166722
65.110933 0.00166402
65.210533 0.0016607
65.3104 0.0016574
65.4112 0.00158071
65.512 0.00165095
65.6104 0.00157446
65.7112 0.00164456
65.812 0.00164132
65.9128 0.00156529
66.0104 0.001635
66.1112 0.00163179
66.210533 0.00162861
66.3104 0.00151718
66.410133 0.00162238
66.510933 0.00161923
66.610533 0.00161621
66.7104 0.00161308
66.8112 0.00160996
66.91125 0.00153549
67.0104 0.00153259
67.1112 0.0016008
67.21125 0.00159778
67.3125 0.00159473
67.4104 0.00159174
67.5112 0.0015182
67.610533 0.00158579
67.7104 0.00154761
67.810133 0.00157989
67.910933 0.0015769
68.010533 0.00150397
68.1104 0.00157106
68.2112 0.00156811
68.312 0.00156516
68.4104 0.00142346
68.5112 0.00155941
68.612 0.0015565
68.71125 0.00155365
68.8104 0.00155082
68.9112 0.00154793
69.010533 0.0014765
69.1104 0.00150804
69.210133 0.00153946
69.310933 0.00153673
69.410533 0.0015339
69.5104 0.00153108
69.6112 0.00146045
69.712 0.00152558
69.8104 0.00145511
69.9112 0.00152012
70.012 0.00151735
70.1128 0.00144728
70.2104 0.00151194
70.3112 0.00150921
70.410533 0.00150648
70.5104 0.0014036
70.610133 0.00150115
70.710933 0.00149845
70.810533 0.00149586
70.9104 0.00149318
71.0112 0.00149051
71.11125 0.00142177
71.2104 0.00141928
71.3112 0.00148265
71.41125 0.00148007
71.5125 0.00147744
71.6104 0.00147488
71.7112 0.00140693
71.810533 0.00146977
71.9104 0.00143458
72.010133 0.0014647
72.110933 0.00146213
72.210533 0.0013947
72.3104 0.00145711
72.4112 0.00145457
72.512 0.00145203
72.6104 0.00132075
72.7112 0.00144708
72.812 0.00144458
72.91125 0.00144212
73.0104 0.00143968
73.1112 0.00143719
73.210533 0.00137104
73.3104 0.00140052
73.410133 0.00142989
73.510933 0.00142753
73.610533 0.00142509
73.7104 0.00142265
73.8112 0.00135719
73.912 0.0014179
74.0104 0.00135258
74.1112 0.00141318
74.212 0.00141079
74.3128 0.00134581
74.4104 0.00140612
74.5112 0.00140375
74.610533 0.00140139
74.7104 0.00130585
74.810133 0.00139678
74.910933 0.00139444
75.010533 0.0013922
75.1104 0.00138988
75.2112 0.00138756
75.31125 0.00132373
75.4104 0.00132157
75.51 0.00138079
75.61125 0.00137851
75.7125 0.00137623
75.81 0.00131298
75.9112 0.00137183
76.010533 0.00136957
76.11 0.00133698
76.210133 0.00136517
76.310933 0.00136293
76.41 0.00130027
76.5104 0.00135857
76.6112 0.00135636
76.71 0.0013542
76.8104 0.00123186
76.9112 0.00134985
77.01 0.00134771
77.11125 0.00134553
77.2104 0.0013434
77.31 0.00128167
77.410533 0.00133917
77.5104 0.00130731
77.61 0.00133492
77.710933 0.00133282
77.810533 0.00133069
77.91 0.00126956
78.0112 0.00132653
78.112 0.00132443
78.21 0.00126359
78.3112 0.00132031
78.412 0.00131822
78.51 0.00125768
78.6104 0.00131414
78.7112 0.00131207
78.81 0.00131004
78.9104 0.00122082
79.010133 0.00130598
79.11 0.00130397
79.210533 0.00130197
79.3104 0.00129994
79.41 0.00124027
79.51125 0.00129593
79.6104 0.00123645
79.71 0.00129199
79.81125 0.00128999
79.9125 0.001288
80.01 0.00122892
80.1112 0.00128414
80.210533 0.00128216
80.31 0.00125178
80.410133 0.0012783
80.510933 0.00127634
80.61 0.00121779
80.7104 0.00127252
80.8112 0.00127058
80.91 0.00126868
81.0104 0.00115418
81.1112 0.00126486
81.21 0.00126298
81.31125 0.00126107
81.4104 0.0012592
81.51 0.00120145
81.610533 0.00125548
81.7104 0.00122573
81.81 0.00125174
81.910933 0.0012499
82.010533 0.00124802
82.11 0.00119081
82.2112 0.00124437
82.312 0.00124251
82.41 0.00118555
82.5112 0.00123885
82.612 0.0012645
82.71 0.00118031
82.8104 0.00123342
82.9112 0.00123159
83.01 0.00122981
83.1104 0.00114616
83.210133 0.00122622
83.31 0.00122446
83.410533 0.00122269
83.5104 0.0012209
83.61 0.00116496
83.71125 0.00121737
83.8104 0.0011616
83.91 0.00121389
84.01125 0.00121212
84.1125 0.00121036
84.21 0.00115495
84.3112 0.00120695
84.410533 0.00120521
84.51 0.00117675
84.610133 0.00120179
84.710933 0.00120006
84.81 0.00114511
84.9104 0.00119668
85.0112 0.00119497
85.11 0.00119329
85.2104 0.00108569
85.3112 0.00118991
85.41 0.00118824
85.51125 0.00118655
85.6104 0.0011849
85.71 0.00113066
85.810533 0.0011816
85.9104 0.0011537
86.01 0.00117829
86.110933 0.00117666
86.210533 0.001175
86.31 0.00112122
86.4112 0.00117175
86.512 0.00117011
86.61 0.00111656
86.7112 0.00116689
86.812 0.00116526
86.91 0.00111194
87.0104 0.00116207
87.1112 0.00116045
87.21 0.00115887
87.3104 0.00110582
87.410133 0.00115565
87.51 0.00115408
87.610533 0.00115252
87.7104 0.00115092
87.81 0.00109828
87.91125 0.00114778
88.0104 0.00109529
88.11 0.00114469
88.21125 0.00114312
88.3125 0.00114155
88.41 0.00108938
88.5112 0.00113852
88.610533 0.00113697
88.71 0.00111021
88.810133 0.00113393
88.910933 0.00115752
89.01 0.00108059
89.1104 0.00112935
89.2112 0.00112782
89.31 0.00112632
89.4104 0.00102485
89.5112 0.00112332
89.61 0.00112183
89.71125 0.00112032
89.8104 0.00111885
89.91 0.00106771
90.010533 0.00111591
90.1104 0.00108965
90.21 0.00111295
90.310933 0.0011115
90.410533 0.00111001
90.51 0.0010593
90.6112 0.00110712
90.712 0.00110565
90.81 0.00105514
90.9112 0.00110278
91.012 0.00110132
91.11 0.00105101
91.2104 0.00109847
91.3112 0.00109703
91.41 0.00109561
91.5104 0.00102125
91.610133 0.00109276
91.71 0.00109136
91.810533 0.00108996
91.9104 0.00108853
92.01 0.00103882
92.11125 0.00108572
92.2104 0.00103614
92.31 0.00108295
92.41125 0.00108155
92.5125 0.00108015
92.61 0.00103085
92.7112 0.00107743
92.810533 0.00107604
92.91 0.0010508
93.010133 0.00107332
93.110933 0.00107194
93.21 0.00102301
93.3104 0.00106924
93.4112 0.00106787
93.51 0.00106653
93.6104 0.000970506
93.7112 0.00106383
93.81 0.0010625
93.91125 0.00106115
94.0104 0.00105982
94.11 0.00101146
94.210533 0.00105718
94.3104 0.00103238
94.41 0.00105453
94.510933 0.00105322
94.610533 0.00105189
94.71 0.0010039
94.8112 0.00104929
94.912 0.00104797
95.01 0.00100016
95.1112 0.00104539
95.212 0.00104408
95.31 0.000996454
95.4104 0.00104152
95.5112 0.00104022
95.61 0.00103895
95.7104 0.000968501
95.810133 0.00103639
95.91 0.00103513
96.010533 0.00103386
96.1104 0.00103258
96.21 0.000985493
96.31125 0.00103005
96.4104 0.000983082
96.51 0.00102756
96.61125 0.0010263
96.7125 0.00102503
96.81 0.000978318
96.9112 0.00102259
97.010533 0.00102133
97.11 0.000997438
97.210133 0.00101888
97.310933 0.00101764
97.41 0.000971247
97.5104 0.00101521
97.6112 0.00101397
97.71 0.00101276
97.8104 0.000921638
97.9112 0.00101033
98.01 0.00100913
98.11125 0.00100791
98.2104 0.00100671
98.31 0.000960829
98.410533 0.00100433
98.5104 0.000980829
98.61 0.00100194
98.710933 0.00100076
98.810533 0.000999556
98.91 0.000954008
99.0112 0.000997208
99.112 0.000996016
99.21 0.000950633
99.3112 0.000993685
99.412 0.000992501
99.51 0.000947283
99.6104 0.000990186
99.7112 0.000989011
99.81 0.00098786
99.9104 0.000920931
