1 0
1 0
1 0
1 0
1 0
1 0
1 0
1 0
1.021067 0
1.021067 0
1.021067 0
1.110667 0
1.211733 0
1.322667 0
1.4136 0
1.510133 0
1.621067 0
1.710933 0
1.8152 0
1.9128 0
2.0116 0
2.120267 0
2.210133 0
2.3144 0
2.412 0
2.5108 0
2.619467 0
2.7104 0
2.8136 0
2.9112 0
3.015467 0
3.118667 0
3.2108 0
3.3128 0
3.4104 0
3.514667 0
3.617867 0
3.717733 0
3.812 0
3.922933 0
4.013867 0
4.117067 0
4.216933 0
4.3112 0.00884956
4.422133 0.0172414
4.519733 0.00847458
4.618533 0
4.716133 0.008
4.8104 0.00787402
4.921333 0.0155039
5.018933 0
5.115467 0
5.215333 0.0143885
5.316267 0.0142857
5.420533 0
5.518133 0
5.616933 0
5.714533 0
5.815467 0
5.919733 0
6.017333 0
6.116133 0
6.213733 0
6.314667 0
6.418933 0
6.516533 0
6.615333 0
6.712933 0
6.813867 0
6.918133 0
7.015733 0
7.114533 0
7.212133 0
7.313067 0
7.424 0
7.514933 0
7.613733 0
7.711333 0
7.812267 0
7.9232 0
8.014133 0
8.112933 0
8.210533 0
8.311467 0
8.415733 0
8.513333 0
8.612133 0
8.723067 0
8.810667 0
8.9216 0
9.012533 0
9.111333 0
9.222267 0
9.310933 0
9.4208 0
9.511733 0
9.610533 0
9.721467 0
9.810133 0
9.913333 0
10.010933 0
10.121867 0
10.220667 0
10.310533 0
10.412533 0
10.510133 0
10.621067 0
10.719867 0
10.817467 0
10.911733 0
11.022667 0
11.120267 0
11.2168 0
11.316667 0
11.410933 0
11.521867 0
11.6128 0
11.718267 0
11.815867 0
11.910133 0
12.021067 0
12.118667 0
12.217467 0
12.315067 0
12.416 0
12.526933 0
12.617867 0
12.7144 0
12.814267 0
12.9152 0
13.019467 0
13.117067 0
13.2136 0
13.313467 0
13.4144 0
13.518667 0
13.616267 0
13.7128 0
13.812667 0
13.9136 0
14.017867 0
14.115467 0
14.214267 0
14.311867 0
14.4128 0
14.517067 0
14.614667 0
14.713467 0
14.811067 0
14.912 0
15.0112 0
15.112 0.0520548
15.21 0.0809524
15.310267 0.0757895
15.4112 0.0698113
15.51 0.059727
15.6104 0.0733229
15.7112 0.0774749
15.81 0.0718085
15.9104 0.0632754
16.0112 0.0614849
16.11 0.0599129
16.211067 0.0554985
16.3104 0.0524781
16.41 0.0489381
16.51125 0.0473684
16.6104 0.0435146
16.71 0.0432
16.81125 0.0413476
16.911067 0.0404115
17.01 0.0360424
17.110667 0.0346939
17.2116 0.0314342
17.31 0.028481
17.41 0.0275566
17.5108 0.0266746
17.61 0.0247126
17.7104 0.0250976
17.8112 0.0243638
17.91 0.0236842
18.0104 0.0209933
18.1112 0.0224215
18.21 0.0218447
18.31125 0.0212867
18.41 0.020766
18.51 0.0193694
18.61125 0.0197889
18.7104 0.0189085
18.8112 0.0188996
18.9108 0.0184957
19.0116 0.0180941
19.1104 0.0177096
19.2112 0.0165831
19.312 0.0170004
19.4104 0.01592
19.5112 0.0163458
19.612 0.0160314
19.7128 0.0150297
19.8104 0.015448
19.9108 0.0151668
20.0116 0.0148957
20.1104 0.0136674
20.2112 0.0143908
20.3108 0.0141465
20.41125 0.0139147
20.5104 0.0136903
20.6112 0.013469
20.71125 0.0126694
20.8104 0.0124746
20.9112 0.0128535
21.01125 0.0126618
21.1125 0.0127459
21.2104 0.012285
21.3108 0.0118439
21.4116 0.0119395
21.5104 0.0115093
21.6112 0.0116129
21.7108 0.0114533
21.8116 0.0107959
21.9104 0.0111524
22.0112 0.0110051
22.112 0.0108617
22.2104 0.0100095
22.3112 0.0105882
22.412 0.0104554
22.51125 0.0105553
22.6104 0.0102018
22.7108 0.0100784
22.81125 0.00951749
22.9104 0.0096259
23.0112 0.00972973
23.1108 0.00962155
23.2116 0.00951173
23.3104 0.00940439
23.4112 0.00888981
23.512 0.00920057
23.6104 0.00869565
23.7112 0.0090054
23.812 0.00890913
23.9128 0.00842311
24.0104 0.008726
24.1108 0.00863558
24.2116 0.00854701
24.3104 0.00789919
24.4112 0.00837833
24.5108 0.00829493
24.61125 0.00821468
24.7104 0.00813596
24.8112 0.0080573
24.91125 0.00762682
25.0104 0.00755579
25.1112 0.0078329
25.21125 0.0077613
25.3125 0.00768968
25.4104 0.00762066
25.5108 0.0072184
25.6116 0.00748628
25.7104 0.00725474
25.8112 0.00735655
25.9108 0.00729217
26.0116 0.00690763
26.1104 0.00716903
26.2112 0.00710788
26.312 0.00704777
26.4104 0.00636943
26.5112 0.00693268
26.612 0.00687548
26.71125 0.00682025
26.8104 0.0067659
26.9108 0.00671141
27.01125 0.00636283
27.1104 0.00646014
27.2112 0.00655499
27.3108 0.00650571
27.4116 0.00645531
27.5104 0.00640569
27.6112 0.00607602
27.712 0.00631048
27.8104 0.00598469
27.9112 0.00621805
28.012 0.00617199
28.1128 0.00585432
28.2104 0.00608355
28.3108 0.00603946
28.4116 0.005996
28.5104 0.00555776
28.6112 0.0059125
28.7108 0.00587084
28.81125 0.00583053
28.9104 0.00579076
29.0112 0.0057508
29.11125 0.00545824
29.2104 0.00542176
29.3112 0.00563557
29.41125 0.00559841
29.5125 0.00556105
29.6104 0.00552486
29.7108 0.00524582
29.8116 0.00545388
29.9104 0.00529801
30.0112 0.00538471
30.1108 0.00535014
30.2116 0.00519726
30.3104 0.00528293
30.4112 0.00524965
30.512 0.00521679
30.6104 0.00472459
30.7112 0.00515346
30.812 0.00512178
30.91125 0.00509107
31.0104 0.00506073
31.1108 0.00503018
31.21125 0.00477831
31.3104 0.0048608
31.4112 0.0049418
31.5108 0.0049132
31.6116 0.00499294
31.7104 0.00485594
31.8112 0.00461423
31.912 0.00480102
32.0104 0.00456137
32.1112 0.00474734
32.212 0.00472044
32.3128 0.00458907
32.4104 0.00466805
32.5108 0.00464205
32.6116 0.00461633
32.7104 0.00428571
32.8112 0.00456667
32.9108 0.00454178
33.01125 0.00451717
33.1104 0.00459311
33.2112 0.00446916
33.31125 0.00424817
33.4104 0.00422604
33.5112 0.00439926
33.61125 0.00437658
33.7125 0.00435372
33.8104 0.0043315
33.9108 0.00411838
34.0116 0.00428776
34.1104 0.00417101
34.2112 0.00424488
34.3108 0.00422337
34.4116 0.00401531
34.5104 0.00418177
34.6112 0.00416089
34.712 0.00414022
34.8104 0.00375423
34.9112 0.00410023
35.012 0.00408015
35.11125 0.00406064
35.2104 0.00404131
35.3108 0.00402181
35.41125 0.00382494
35.5104 0.00389553
35.6112 0.00396511
35.7108 0.00394702
35.8116 0.00392842
35.9104 0.00390998
36.0112 0.0037194
36.112 0.0038743
36.2104 0.00368498
36.3112 0.00383926
36.412 0.00382166
36.5128 0.00363513
36.6104 0.00378756
36.7108 0.00377042
36.8116 0.00375344
36.9104 0.00348808
37.0112 0.00372055
37.1108 0.00370401
37.21125 0.00368792
37.3104 0.00367197
37.4112 0.00365586
37.51125 0.0034784
37.6104 0.00346355
37.7112 0.00360895
37.81125 0.00359368
37.9125 0.00357824
38.0104 0.00356323
38.1108 0.0033909
38.2116 0.00353357
38.3104 0.00344046
38.4112 0.0035044
38.5108 0.00348972
38.6116 0.00332072
38.7104 0.00346127
38.8112 0.00344696
38.912 0.00343276
39.0104 0.00311526
39.1112 0.00340522
39.212 0.00339136
39.31125 0.00337787
39.4104 0.00336449
39.5108 0.00335096
39.61125 0.00318944
39.7104 0.00325083
39.8112 0.0033115
39.9108 0.00329888
40.0116 0.00328587
40.1104 0.00327297
40.2112 0.00311572
40.312 0.00324792
40.4104 0.00309152
40.5112 0.00322326
40.612 0.00321085
40.7128 0.00305637
40.8104 0.00318674
40.9108 0.0031746
41.0116 0.00316256
41.1104 0.00294097
41.2112 0.00313917
41.3108 0.00312739
41.41125 0.00311591
41.5104 0.00310452
41.6112 0.003093
41.71125 0.0029448
41.8104 0.00293415
41.9112 0.00305935
42.01125 0.00304837
42.1125 0.00303726
42.2104 0.00302643
42.3108 0.00288184
42.4116 0.00300501
42.5104 0.00292767
42.6112 0.00298389
42.7108 0.00297324
42.8116 0.002831
42.9104 0.00295256
43.0112 0.00294214
43.112 0.00293179
43.2104 0.00266216
43.3112 0.00291168
43.412 0.00290154
43.51125 0.00289166
43.6104 0.00288184
43.7108 0.00287191
43.81125 0.00273502
43.9104 0.00278922
44.0112 0.00284288
44.1108 0.00283357
44.2116 0.00282397
44.3104 0.00281443
44.4112 0.00268063
44.512 0.0027959
44.6104 0.0026627
44.7112 0.00277761
44.812 0.00276838
44.9128 0.00263658
45.0104 0.00275044
45.1108 0.0027414
45.2116 0.00273241
45.3104 0.00254222
45.4112 0.00271493
45.5108 0.00270612
45.61125 0.00269752
45.7104 0.00268898
45.8112 0.00268033
45.91125 0.00255314
46.0104 0.00254513
46.1112 0.00265502
46.21125 0.00264675
46.3125 0.00263837
46.4104 0.00263019
46.5108 0.00250568
46.6116 0.002614
46.7104 0.00254792
46.8112 0.002598
46.9108 0.00258993
47.0116 0.00246715
47.1104 0.00257422
47.2112 0.0025663
47.312 0.00255842
47.4104 0.00232413
47.5112 0.00254309
47.612 0.00253535
47.71125 0.00252781
47.8104 0.0025203
47.9108 0.0025127
48.01125 0.00239394
48.1104 0.00244241
48.2112 0.00249045
48.3108 0.00248331
48.4116 0.00253081
48.5104 0.00246846
48.6112 0.00235204
48.712 0.00245419
48.8104 0.00233823
48.9112 0.00244008
49.012 0.00243296
49.1128 0.00231806
49.2104 0.00241909
49.3108 0.00241209
49.4116 0.00240513
49.5104 0.00223857
49.6112 0.00239158
49.7108 0.00238474
49.81125 0.00237806
49.9104 0.00237142
50.0112 0.00236469
50.11125 0.00225331
50.2104 0.00224707
50.3112 0.00234497
50.41125 0.00233851
50.5125 0.00233197
50.6104 0.00232558
50.7108 0.00221627
50.8116 0.00231291
50.9104 0.00225525
51.0112 0.00230038
51.1108 0.00229405
51.2116 0.00218607
51.3104 0.00228172
51.4112 0.00227549
51.512 0.00226929
51.6104 0.00206217
51.7112 0.00225722
51.812 0.00225113
51.91125 0.00224517
52.0104 0.00223925
52.1108 0.00223314
52.21125 0.00217779
52.3104 0.00217209
52.4112 0.00226467
52.5108 0.00220978
52.6116 0.00220394
52.7104 0.00219812
52.8112 0.00209511
52.912 0.0021868
53.0104 0.00208414
53.1112 0.00217559
53.212 0.00216993
53.3128 0.0020681
53.4104 0.00215889
53.5108 0.00215332
53.6116 0.00214777
53.7104 0.00199962
53.8112 0.00213696
53.9108 0.00213149
54.01125 0.00212615
54.1104 0.00212074
54.2112 0.00216237
54.31125 0.00201632
54.4104 0.00201132
54.5112 0.00209957
54.61125 0.00209439
54.7125 0.00208914
54.8104 0.00208401
54.9108 0.0019866
55.0116 0.00207383
55.1104 0.00202271
55.2112 0.00206375
55.3108 0.00205865
55.4116 0.00196231
55.5104 0.00204871
55.6112 0.00204369
55.712 0.00203869
55.8104 0.00185311
55.9112 0.00202895
56.012 0.00202402
56.11125 0.0020192
56.2104 0.00201441
56.3108 0.00200956
56.41125 0.00191571
56.5104 0.00195564
56.6112 0.0019953
56.7108 0.00199071
56.8116 0.00198597
56.9104 0.00198124
57.0112 0.00188886
57.112 0.00197204
57.2104 0.00187995
57.3112 0.00196292
57.412 0.00195831
57.5128 0.00186689
57.6104 0.00194932
57.7108 0.00194477
57.8116 0.00194024
57.9104 0.00180684
58.0112 0.00193141
58.1108 0.00192695
58.21125 0.00192258
58.3104 0.00191824
58.4112 0.00191383
58.51125 0.00182466
58.6104 0.00182057
58.7112 0.0019009
58.81125 0.00189665
58.9125 0.00189235
59.0104 0.00188814
59.1108 0.00180029
59.2116 0.00187978
59.3104 0.00183387
59.4112 0.00187149
59.5108 0.0018673
59.6116 0.00178032
59.7104 0.00185912
59.8112 0.00185498
59.912 0.00185086
60.0104 0.00168274
60.1112 0.00184283
60.212 0.00183876
60.31125 0.00183479
60.4104 0.00183083
60.5108 0.00182682
60.61125 0.00174188
60.7104 0.00177857
60.8112 0.00181503
60.9108 0.00181123
61.0116 0.0018073
61.1104 0.00180339
61.2112 0.00171966
61.312 0.00179576
61.4104 0.00171226
61.5112 0.0017882
61.612 0.00178437
61.7128 0.00170142
61.8104 0.0017769
61.9108 0.00177312
62.0116 0.00176935
62.1104 0.00164803
62.2112 0.00176201
62.3108 0.00175829
62.41125 0.00175466
62.5104 0.00175104
62.6112 0.00174737
62.71125 0.00166628
62.8104 0.00166286
62.9112 0.00173658
63.01125 0.00173304
63.1125 0.00172944
63.2104 0.00172592
63.3108 0.00164593
63.4116 0.00171894
63.5104 0.00167728
63.6112 0.001712
63.7108 0.00170849
63.8116 0.00162922
63.9104 0.00170164
64.0112 0.00169818
64.112 0.00169472
64.2104 0.00154106
64.3112 0.00168799
64.412 0.00168457
64.51125 0.00168124
64.6104 0.00167791
64.7108 0.00167454
64.81125 0.00159697
64.9104 0.0016309
65.0112 0.00166463
65.1108 0.00166144
65.2116 0.00165813
65.3104 0.00165484
65.4112 0.00157827
65.512 0.00164841
65.6104 0.00157204
65.7112 0.00164204
65.812 0.00163881
65.9128 0.0015629
66.0104 0.0016325
66.1108 0.00162931
66.2116 0.00162613
66.3104 0.00151488
66.4112 0.00161993
66.5108 0.00161679
66.61125 0.00161371
66.7104 0.00161065
66.8112 0.00160754
66.91125 0.0015332
67.0104 0.0015303
67.1112 0.00159841
67.21125 0.00159541
67.3125 0.00159236
67.4104 0.00158938
67.5108 0.00151595
67.6116 0.00158345
67.7104 0.00154532
67.8112 0.00157756
67.9108 0.00157458
68.0116 0.00150176
68.1104 0.00156876
68.2112 0.00156582
68.312 0.00156288
68.4104 0.00142139
68.5112 0.00155715
68.612 0.00155424
68.71125 0.0015514
68.8104 0.00154857
68.9108 0.0015457
69.01125 0.00147432
69.1104 0.00150587
69.2112 0.00153725
69.3108 0.00153453
69.4116 0.00153171
69.5104 0.0015289
69.6112 0.00145837
69.712 0.00152341
69.8104 0.00145305
69.9112 0.00151796
70.012 0.0015152
70.1128 0.00144523
70.2104 0.00150981
70.3108 0.00150708
70.4116 0.00150436
70.5104 0.00140164
70.6112 0.00149905
70.7108 0.00149636
70.81125 0.00149373
70.9104 0.0014911
71.0112 0.00148844
71.11125 0.0014198
71.2104 0.00141732
71.3112 0.0014806
71.41125 0.00147803
71.5125 0.00147541
71.6104 0.00147285
71.7108 0.001405
71.8116 0.00146776
71.9104 0.00143262
72.0112 0.0014627
72.1108 0.00146014
72.2116 0.0013928
72.3104 0.00145513
72.4112 0.0014526
72.512 0.00145007
72.6104 0.00131896
72.7112 0.00144513
72.812 0.00144263
72.91125 0.00144018
73.0104 0.00143775
73.1108 0.00143527
73.21125 0.00136917
73.3104 0.00139865
73.4112 0.00142798
73.5108 0.00142563
73.6116 0.00142319
73.7104 0.00142077
73.8112 0.0013554
73.912 0.00141603
74.0104 0.0013508
74.1112 0.00141132
74.212 0.00140894
74.3128 0.00134404
74.4104 0.00140428
74.5108 0.00140191
74.6116 0.00139956
74.7104 0.00130415
74.8112 0.00139496
74.9108 0.00139263
75.01125 0.00139035
75.1104 0.00138807
75.2112 0.00138577
75.31125 0.00132202
75.4104 0.00131987
75.51 0.00137901
75.61125 0.00137674
75.7125 0.00137447
75.81 0.0013113
75.9108 0.00137007
76.0116 0.00136782
76.11 0.00133528
76.21 0.00136343
76.3108 0.0013612
76.41 0.00129862
76.5104 0.00135685
76.6112 0.00135465
76.71 0.00135249
76.8104 0.00123031
76.9112 0.00134815
77.01 0.00134602
77.11125 0.00134385
77.21 0.00134172
77.31 0.00128007
77.41125 0.00133745
77.5104 0.00130568
77.61 0.00133325
77.7108 0.00133116
77.8116 0.00132904
77.91 0.00126799
78.0112 0.00132489
78.112 0.00132279
78.21 0.00126203
78.3112 0.00131868
78.412 0.0013166
78.51 0.00125613
78.61 0.00131253
78.7108 0.00131046
78.81 0.00130844
78.9104 0.00121934
79.01 0.00130439
79.11 0.00130238
79.21125 0.00130035
79.3104 0.00129836
79.41 0.00123876
79.51125 0.00129437
79.6104 0.00123496
79.71 0.00129043
79.81125 0.00128844
79.9125 0.00128645
80.01 0.00122745
80.1108 0.0012826
80.2116 0.00128063
80.31 0.00125028
80.41 0.00127678
80.5108 0.00127482
80.61 0.00121634
80.7104 0.00127101
80.8112 0.00126907
80.91 0.00126718
81.0104 0.00115282
81.1112 0.00126337
81.21 0.00126149
81.31125 0.00125959
81.41 0.00125772
81.51 0.00120004
81.61125 0.00125397
81.7104 0.0012243
81.81 0.00125028
81.9108 0.00124844
82.0116 0.00124657
82.11 0.00118942
82.2112 0.00124292
82.312 0.00124107
82.41 0.00118418
82.5112 0.00123745
82.612 0.00123562
82.71 0.00117899
82.81 0.00123203
82.9108 0.00123021
83.01 0.00122843
83.1104 0.00114488
83.21 0.00122486
83.31 0.00122309
83.41125 0.0012213
83.5104 0.00121955
83.61 0.00116367
83.71125 0.00121602
83.8104 0.00116031
83.91 0.00121255
84.01125 0.00121078
84.1125 0.00120903
84.21 0.00115368
84.3108 0.00120563
84.4116 0.00120388
84.51 0.00117546
84.61 0.00120048
84.7108 0.00119875
84.81 0.00117043
84.9104 0.00119535
85.0112 0.00119363
85.11 0.00119196
85.2104 0.00108448
85.3112 0.00118859
85.41 0.00118693
85.51125 0.00118524
85.61 0.00118359
85.71 0.00112941
85.81125 0.00118027
85.9104 0.00115244
86.01 0.00117699
86.1108 0.00117536
86.2116 0.00117371
86.31 0.00112
86.4112 0.00117047
86.512 0.00116883
86.61 0.00111535
86.7112 0.00116562
86.812 0.00116399
86.91 0.00111074
87.01 0.00116081
87.1108 0.0011592
87.21 0.00115762
87.3104 0.00107897
87.41 0.00115444
87.51 0.00115287
87.61125 0.00115128
87.7104 0.00114972
87.81 0.00109713
87.91125 0.00114658
88.0104 0.00109415
88.11 0.0011435
88.21125 0.00114193
88.3125 0.00114037
88.41 0.00108825
88.5108 0.00113734
88.6116 0.00113579
88.71 0.00110907
88.81 0.00113276
88.9108 0.00113122
89.01 0.00107951
89.1104 0.00112822
89.2112 0.00112669
89.31 0.0011252
89.4104 0.00102382
89.5112 0.00112219
89.61 0.00112071
89.71125 0.00111921
89.81 0.00111773
89.91 0.00106665
90.01125 0.00111477
90.1104 0.00108857
90.21 0.00111185
90.3108 0.0011104
90.4116 0.00110892
90.51 0.00105825
90.6112 0.00110603
90.712 0.00110457
90.81 0.0010541
90.9112 0.0011017
91.012 0.00110024
91.11 0.00104998
91.21 0.0010974
91.3108 0.00109596
91.41 0.00109454
91.5104 0.00102026
91.61 0.0010917
91.71 0.0010903
91.81125 0.00108888
91.9104 0.00108748
92.01 0.00103782
92.11125 0.00108468
92.2104 0.00103515
92.31 0.00108191
92.41125 0.00108051
92.5125 0.00107911
92.61 0.00102984
92.7108 0.00110029
92.8116 0.00107499
92.91 0.00104977
93.01 0.00107227
93.1108 0.00107089
93.21 0.00102201
93.3104 0.00106817
93.4112 0.00109051
93.51 0.00106547
93.6104 0.000969542
93.7112 0.00106277
93.81 0.00106145
93.91125 0.0010601
94.01 0.00105877
94.11 0.00101046
94.21125 0.00105611
94.3104 0.00103136
94.41 0.00105349
94.5108 0.00105219
94.6116 0.00105086
94.71 0.00100292
94.8112 0.00104827
94.912 0.00104695
95.01 0.000999187
95.1112 0.00104437
95.212 0.00104307
95.31 0.000995486
95.41 0.00104051
95.5108 0.00103921
95.61 0.00103794
95.7104 0.000967564
95.81 0.00103539
95.91 0.00103413
96.01125 0.00103284
96.1104 0.00103159
96.21 0.000984545
96.31125 0.00105191
96.4104 0.000982116
96.51 0.00102655
96.61125 0.00102529
96.7125 0.00102403
96.81 0.000977362
96.9108 0.00102159
97.0116 0.00102034
97.11 0.000996467
97.21 0.00101789
97.3108 0.00101665
97.41 0.000970304
97.5104 0.00101422
97.6112 0.00101299
97.71 0.00101178
97.8104 0.000920748
97.9112 0.00100935
98.01 0.00100815
98.11125 0.00100694
98.21 0.00100574
98.31 0.000959907
98.41125 0.00100334
98.5104 0.00097989
98.61 0.00100098
98.7108 0.0009998
98.8116 0.000998602
98.91 0.000953099
99.0112 0.000996258
99.112 0.000995069
99.21 0.000949731
99.3112 0.000992742
99.412 0.000991561
99.51 0.000946386
99.61 0.00098925
99.7108 0.000988077
99.81 0.000986929
99.9104 0.000920064
